Charge	ground	Q1_bottom	Q1_top	Resonator
Charge	0.0079948	-0.0078487	-4.3E-06	-0.0001415	-2.5956E-07
ground	-0.0078487	0.72372	-0.080727	-0.55152	-0.083621
Q1_bottom	-4.3E-06	-0.080727	0.12742	-0.039202	-0.0074823
Q1_top	-0.0001415	-0.55152	-0.039202	0.59181	-0.00094802
Resonator	-2.5956E-07	-0.083621	-0.0074823	-0.00094802	0.092052