Charge	ground	Q1_bottom	Q1_top	Resonator
Charge	0.0026629	-0.0026353	-1.2946E-06	-2.6112E-05	-1.1774E-07
ground	-0.0026353	0.72055	-0.080903	-0.55333	-0.083678
Q1_bottom	-1.2946E-06	-0.080903	0.12773	-0.039377	-0.0074469
Q1_top	-2.6112E-05	-0.55333	-0.039377	0.59368	-0.00094057
Resonator	-1.1774E-07	-0.083678	-0.0074469	-0.00094057	0.092065
