Charge	ground	Q1_bottom	Q1_top	Resonator
Charge	0.0026639	-0.0026224	-1.6893E-06	-3.9248E-05	-5.659E-07
ground	-0.0026224	0.66536	-0.086433	-0.54376	-0.032537
Q1_bottom	-1.6893E-06	-0.086433	0.12811	-0.038207	-0.0034687
Q1_top	-3.9248E-05	-0.54376	-0.038207	0.6001	-0.018087
Resonator	-5.659E-07	-0.032537	-0.0034687	-0.018087	0.054093
