Charge	ground	Q1_bottom	Q1_top	Resonator
Charge	0.00525	-0.0052466	-2.0902E-06	-1.1386E-06	-1.7926E-07
ground	-0.0052466	0.37298	-0.15173	-0.075176	-0.14083
Q1_bottom	-2.0902E-06	-0.15173	0.18817	-0.035411	-0.0010275
Q1_top	-1.1386E-06	-0.075176	-0.035411	0.11864	-0.0080543
Resonator	-1.7926E-07	-0.14083	-0.0010275	-0.0080543	0.14991